3305731
3305507
3305390
3305388
3305106
3305051
3304968
3304782
3303538
3304583
3304580
3027011
3304286
3027561
3283426
3289862
3303162
3303966
3303743
3303482
3303435
3303481
3303399
3303261
3303150
3303065
3296556
3302264
3295565
3282340
3276956
3301856
3278565
3246588
3300919
3300918
3302380
3247494
3301596
3029887
3301473
3301193
3286304
3288266
3281322
3281309
3293311
3293314
3300591
3300578
3300566
3294555
3301289
3300173
3299877
3300088
3299598
3299501
3299597
3299437
3299111
3299137
3012440
3292264
3202721
3285977
3277023
3299041
3004015
3299043
2213041
3298666
2190995
3298642
3298620
3298593
3298607
3298587
3298064
3297789
3283358
3305389
3305094
3304825
3304667
3303774
3303313
3295810
3300388
3296357
3300116
3299798
3298885
2190997
3098206
3298273
2200428
3297627
3296999
3297621
3296837
3296356
3297396
3296282
3295739
3295297
3295229
2212178
3294350
3295464
3296285
3294625
2200713
3293476
3293449
3292935
3292626
3292590
3292318
3292249
3292078
3291827
3291552
3291535
3279483
1638290
3291200
3292764
3290340
3289955
3289036
3286011
3289044
3288285
3287901
3287776
3287317
3287413
3287258
3285934
3202712
3285145
3284746
3284400
3283639
3282974
3282973
3282972
3282970
3282037
3282013
3282005
3281887
3280254
3279945
3279877
3274590
3279299
3279110
3305168
3304900
3282641
3307871
3307667
3307666
3307432
3307375
3307316
3307184
3307274
3307144
3306716
3306458
3306934
3306688
3306457
3278867
3305709
3222955
3308241
3308228
3307733
3307721
3307423
3307338
3307329
3306831
3307113
3307012
3307929
3307820
3306783
3306782
3306656
3306781
3306548
3306061
3305533
3305841
3305687
3297686
3297685
2192948
3298337
2198241
3297629
2192176
3297628
2190996
3297622
3297153
3296814
3296646
2198242
3296834
2199344
3295751
3295749
3295615
3281678
3294331
2199368
2212368
3295138
3294870
3294810
3294792
3294416
3294786
2189203
3294741
3280273
3294733
3293346
3292406
3292409
3292858
3292857
3292561
3292853
3292315
3208383
2853631
3309342
3309337
3309231
3309328
3308558
3309325
3308384
3307999
3308589
3307852
3307289
3307243
3307129
3307262
3306757
3305514
3304791
3304395
3304789
3304793
3304520
3304373
3303934
3303248
3298870
3302481
3302364
3302350
3302363
3302038
3302361
3302059
3302054
3302051
3302049
3301910
3301990
3301837
3301833
3300375
3300933
3300376
3301297
3300405
3299606
3297270
3297820
3296929
3296928
3296118
3295457
3296109
3295351
3294999
3294151
3294200
3294441
3293408
3291194
3291935
3291067
3290502
3291064
3290501
3290360
3290500
3289936
3290499
3289930
3289928
3289927
3289744
3287185
3286548
3286784
3286405
3285172
3284981
3284431
3284708
3283676
3283251
3282089
3283022
3280245
3283016
3277452
3276626
3273964
3275147
3275051
3274542
3274696
3274673
3274559
3274669
3273578
3271132
3271857
3271614
3271883
3271426
3271330
3257281
3269363
3268595
3268306
3267005
3267540
3267889
3266664
3265033
3264950
3264902
3264777
3264976
3261986
3263533
3261240
3260666
3260059
3259857
3259381
3259352
3259345
3259463
3259425
3258409
3258332
3257472
3256939
3257497
3256112
3257582
3256219
3257514
3255381
3257574
3257586
3256103
3309412
3309497
3309016
3308839
3308834
3308833
3308641
3308488
3308487
3307708
3308000
3309165
3308399
2715144
3290930
3290608
3290540
3290533
3290498
3290320
3290188
3290462
3289034
3289033
3288034
3288056
3116425
3286800
3266606
3286251
3286050
3286030
2825272
3284875
3113728
3284847
3284828
3284777
3284774
3284764
3284750
3310031
3310030
3309785
3309589
3310833
3310716
3310426
3310384
3310177
3310102
3310045
3284596
3284556
3284741
3284712
3285177
3284682
3284290
3284106
3282971
3281928
3281885
3281880
3281855
3281675
3281233
3280912
3280287
3310995
3310489
3310506
3309885
3309744
3301820
3308956
3309035
3307838
3274963
3307194
3307200
3305080
3307208
3305044
3306765
3306764
3306763
3305274
3304627
3304829
3304507
3304794
3304363
3304792
3304302
3302935
3303496
3302934
3301571
3301572
3295667
3301573
3295676
3295689
3301036
3295703
3301049
3301028
3301027
3300816
3300998
3300645
3301031
3300814
3300455
3300438
3299995
3276403
3299996
3299971
3298693
3299946
3297195
3299986
3295279
3299940
3312134
3311921
3311722
3311534
3311384
3311231
3312309
3312104
3311920
3312097
3311397
3311024
3311395
3310755
3311026
3310329
3311470
3298346
3299929
3297524
3297267
3296291
3296750
3296882
3296775
3296344
3296763
3296120
3296786
3295899
3296758
3295742
3296115
3288697
3294675
3293571
3294660
3295630
3294049
3293949
3293704
3291371
3291961
3291960
3291958
3291957
3288673
3291956
3291954
3291952
3291950
3291949
3291066
3291065
3290405
3289694
3289511
3289639
3289637
3289634
3289632
3289261
3289631
3288833
3289629
3285954
3289628
3288675
3289627
3287457
3289626
3287401
3289625
3287683
3289623
3285716
3289622
3288386
3289620
3287696
3287662
3311370
3310763
3310745
3310821
3312065
3312064
3310510
3287661
3279954
3286504
3286915
3286922
3286923
3286931
3286881
3281235
3280806
3284727
3284642
3283953
3283951
3283950
3283948
3283716
3283411
3283472
3282919
3283019
3282918
3283018
3282684
3283015
3282763
3276725
3279598
3281509
3281216
3281230
3281156
3281236
3273793
3281240
3273787
3280807
3280452
3281420
3273802
3280156
3277585
3276382
3276389
3276299
3275254
3276344
3275893
3275184
3275824
3274694
3274628
3273833
3273831
3273828
3273545
3273815
3272007
3273548
3272002
3273355
3273010
3271310
3271694
3271837
3271025
3271038
3271604
3271759
3268598
3268347
3267577
3267394
3267486
3265673
3267513
3266906
3267314
3266711
3267237
3266692
3313377
3313348
3313369
3313309
3313363
3313285
3313362
3313354
3312993
3313327
3313082
3313320
3313293
3313008
3313295
3313304
3313282
3313071
3312762
3312714
3312676
3312655
3312659
3312746
3313099
3313045
3313077
3312824
3312747
3312846
3311362
3312553
3311360
3313033
3312551
3266617
3264991
3264955
3264975
3264977
3264923
3264939
3264953
3264916
3264499
3264869
3264354
3264891
3264730
3264750
3262720
3263214
3264838
3263151
3264811
3263206
3264068
3263900
3264067
3263625
3263191
3261752
3262610
3260126
3259374
3255292
3314147
3314148
3314121
3314129
3313819
3313827
3314240
3313795
3313816
3314312
3307026
3314933
3314609
3313519
3313216
3314919
3313078
3314581
3314591
3316899
3316752
3316493
3316403
3316395
3316217
3316300
3316247
3316246
3316018
3316244
3316243
3316195
3315339
3315282
3315771
3315231
3314890
3314894
3314865
3314860
3314858
3314579
3314486
3314460
3314374
3316690
3316147
3315751
3316298
3316138
3315578
3315577
3314573
3312203
3307040
3308749
3314165
3314782
3312311
3314938
3314055
3314788
3314502
3316457
3317082
3317059
3315311
3315689
3315704
3316955
3317696
3317245
3317452
3317226
3317372
3317401
3317421
3317460
3317733
3317700
3294443
3318323
3318717
3318560
3318014
3317875
3318321
3318324
3318303
3318803
3318368
3318266
