1932273
1441529
1937276
1938935
1939859
1940107
1939763
1939855
1936942
1894812
1928068
1931951
1937501
1939351
1927366
1929713
1882431
1826540
1862852
1837461
1940585
1940339
1901099
1225717
1930854
1933781
1936592
1937913
1928997
1935049
1931312
1938851
1923673
1934111
1184953
1936483
1923836
1879249
1938175
1937320
1204043
1934662
1928510
1939092
1938551
1937081
1937857
1935112
1938493
1934450
1938613
1937393
1925756
1923151
1923113
1931362
1923258
1909066
1940666
1933600
1926007
1935549
1926823
1500395
1936115
1935099
1923553
1940686
1669708
1940017
1938199
1926955
1925306
1736983
1931289
1819213
1941645
1937942
1941672
1922767
1924498
1940066
1923960
1923646
1772452
1852297
1940729
1662973
1933788
1933783
1857734
1930515
1942161
1923131
1928878
1928002
1933126
1750765
1927367
1450382
1927593
1749757
1923619
1719439
1924184
1924727
1924904
1932289
1936703
1920146
1933132
1934602
1933080
1942103
1930710
1926793
1931256
1926389
1783338
1937870
1884416
1771109
1942613
1927330
1934269
1927854
1928929
1932309
1930647
1930097
1942138
1934167
1055682
1923669
1889691
1926248
1926095
1935492
1938456
1923715
1927681
1230956
1807589
1895731
1942590
1934405
1931533
1932070
1887317
1781998
1932383
1927310
1928346
1931333
1931937
1932513
1930921
1928164
1930651
1934316
1894111
1942666
1925784
1925444
1931699
1929346
1934303
1928959
1929062
1931957
1929110
1942926
1926866
1934358
1937731
1912699
1912699
1912699
1943119
1923707
1942407
1928566
1663981
1943602
